 person   gender   situation   response 
    1 0 1 1
    1 0 2 1
    1 0 3 1
    2 0 1 1
    2 0 2 1
    2 0 3 1
    3 0 1 1
    3 0 2 1
    3 0 3 1
    4 0 1 1
    4 0 2 1
    4 0 3 1
    5 0 1 1
    5 0 2 1
    5 0 3 1
    6 0 1 1
    6 0 2 1
    6 0 3 1
    7 0 1 1
    7 0 2 1
    7 0 3 1
    8 0 1 1
    8 0 2 1
    8 0 3 1
    9 0 1 1
    9 0 2 1
    9 0 3 1
    10 0 1 1
    10 0 2 1
    10 0 3 1
    11 0 1 1
    11 0 2 1
    11 0 3 1
    12 0 1 1
    12 0 2 1
    12 0 3 1
    13 0 1 1
    13 0 2 1
    13 0 3 1
    14 0 1 1
    14 0 2 1
    14 0 3 1
    15 0 1 1
    15 0 2 1
    15 0 3 1
    16 0 1 1
    16 0 2 1
    16 0 3 1
    17 0 1 1
    17 0 2 1
    17 0 3 1
    18 0 1 1
    18 0 2 1
    18 0 3 1
    19 0 1 1
    19 0 2 1
    19 0 3 1
    20 0 1 1
    20 0 2 1
    20 0 3 1
    21 0 1 1
    21 0 2 1
    21 0 3 1
    22 0 1 1
    22 0 2 1
    22 0 3 1
    23 0 1 1
    23 0 2 1
    23 0 3 1
    24 0 1 1
    24 0 2 1
    24 0 3 1
    25 0 1 1
    25 0 2 1
    25 0 3 1
    26 0 1 1
    26 0 2 1
    26 0 3 1
    27 0 1 1
    27 0 2 1
    27 0 3 1
    28 0 1 1
    28 0 2 1
    28 0 3 1
    29 0 1 1
    29 0 2 1
    29 0 3 1
    30 0 1 1
    30 0 2 1
    30 0 3 1
    31 0 1 1
    31 0 2 1
    31 0 3 1
    32 0 1 1
    32 0 2 1
    32 0 3 1
    33 0 1 1
    33 0 2 1
    33 0 3 1
     34 0 1 1
     34 0 2 1
     34 0 3 1
     35 0 1 1
     35 0 2 1
     35 0 3 1
     36 0 1 1
     36 0 2 1
     36 0 3 1
     37 0 1 1
     37 0 2 1
     37 0 3 1
     38 0 1 1
     38 0 2 1
     38 0 3 1
     39 0 1 1
     39 0 2 1
     39 0 3 1
     40 0 1 1
     40 0 2 1
     40 0 3 1
     41 0 1 1
     41 0 2 1
     41 0 3 1
     42 0 1 1
     42 0 2 1
     42 0 3 1
     43 0 1 1
     43 0 2 1
     43 0 3 1
     44 0 1 1
     44 0 2 1
     44 0 3 1
     45 0 1 1
     45 0 2 1
     45 0 3 1
     46 0 1 1
     46 0 2 1
     46 0 3 1
     47 0 1 1
     47 0 2 1
     47 0 3 1
     48 0 1 1
     48 0 2 1
     48 0 3 1
     49 0 1 1
     49 0 2 1
     49 0 3 1
     50 0 1 1
     50 0 2 1
     50 0 3 1
     51 0 1 1
     51 0 2 1
     51 0 3 1
     52 0 1 1
     52 0 2 1
     52 0 3 1
     53 0 1 1
     53 0 2 1
     53 0 3 1
     54 0 1 1
     54 0 2 1
     54 0 3 1
     55 0 1 1
     55 0 2 1
     55 0 3 1
     56 0 1 1
     56 0 2 1
     56 0 3 1
     57 0 1 1
     57 0 2 1
     57 0 3 1
     58 0 1 1
     58 0 2 1
     58 0 3 1
     59 0 1 1
     59 0 2 1
     59 0 3 1
     60 0 1 1
     60 0 2 1
     60 0 3 1
     61 0 1 1
     61 0 2 1
     61 0 3 1
     62 0 1 1
     62 0 2 1
     62 0 3 1
     63 0 1 1
     63 0 2 1
     63 0 3 1
     64 0 1 1
     64 0 2 1
     64 0 3 1
     65 0 1 1
     65 0 2 1
     65 0 3 1
     66 0 1 1
     66 0 2 1
     66 0 3 1
     67 0 1 1
     67 0 2 1
     67 0 3 1
     68 0 1 1
     68 0 2 1
     68 0 3 1
     69 0 1 1
     69 0 2 1
     69 0 3 1
     70 0 1 1
     70 0 2 1
     70 0 3 1
     71 0 1 1
     71 0 2 1
     71 0 3 1
     72 0 1 1
     72 0 2 1
     72 0 3 1
     73 0 1 1
     73 0 2 1
     73 0 3 1
     74 0 1 1
     74 0 2 1
     74 0 3 1
     75 0 1 1
     75 0 2 1
     75 0 3 1
     76 0 1 1
     76 0 2 1
     76 0 3 1
     77 0 1 1
     77 0 2 1
     77 0 3 1
     78 0 1 1
     78 0 2 1
     78 0 3 1
     79 0 1 1
     79 0 2 1
     79 0 3 1
     80 0 1 1
     80 0 2 1
     80 0 3 1
     81 0 1 1
     81 0 2 1
     81 0 3 1
     82 0 1 1
     82 0 2 1
     82 0 3 1
     83 0 1 1
     83 0 2 1
     83 0 3 1
     84 0 1 1
     84 0 2 1
     84 0 3 1
     85 0 1 1
     85 0 2 1
     85 0 3 1
     86 0 1 1
     86 0 2 1
     86 0 3 1
     87 0 1 1
     87 0 2 1
     87 0 3 1
     88 0 1 1
     88 0 2 1
     88 0 3 1
     89 0 1 1
     89 0 2 1
     89 0 3 1
     90 0 1 1
     90 0 2 1
     90 0 3 1
     91 0 1 1
     91 0 2 1
     91 0 3 1
     92 0 1 1
     92 0 2 1
     92 0 3 1
     93 0 1 1
     93 0 2 1
     93 0 3 1
     94 0 1 1
     94 0 2 1
     94 0 3 1
     95 0 1 1
     95 0 2 1
     95 0 3 1
     96 0 1 1
     96 0 2 1
     96 0 3 1
     97 0 1 1
     97 0 2 1
     97 0 3 1
     98 0 1 1
     98 0 2 1
     98 0 3 1
     99 0 1 1
     99 0 2 1
     99 0 3 1
     100 0 1 1
     100 0 2 1
     100 0 3 1
     101 0 1 1
     101 0 2 1
     101 0 3 1
     102 0 1 1
     102 0 2 1
     102 0 3 1
     103 0 1 1
     103 0 2 1
     103 0 3 1
     104 0 1 1
     104 0 2 1
     104 0 3 1
     105 0 1 1
     105 0 2 1
     105 0 3 1
     106 0 1 1
     106 0 2 1
     106 0 3 1
     107 0 1 1
     107 0 2 1
     107 0 3 1
     108 0 1 1
     108 0 2 1
     108 0 3 1
     109 0 1 1
     109 0 2 1
     109 0 3 1
     110 0 1 1
     110 0 2 1
     110 0 3 1
     111 0 1 1
     111 0 2 1
     111 0 3 1
     112 0 1 1
     112 0 2 1
     112 0 3 1
     113 0 1 1
     113 0 2 1
     113 0 3 1
     114 0 1 1
     114 0 2 1
     114 0 3 1
     115 0 1 1
     115 0 2 1
     115 0 3 1
     116 0 1 1
     116 0 2 1
     116 0 3 1
     117 0 1 1
     117 0 2 1
     117 0 3 1
     118 0 1 1
     118 0 2 1
     118 0 3 1
     119 0 1 1
     119 0 2 1
     119 0 3 1
     120 0 1 1
     120 0 2 1
     120 0 3 1
     121 0 1 1
     121 0 2 1
     121 0 3 1
     122 0 1 1
     122 0 2 1
     122 0 3 1
     123 0 1 1
     123 0 2 1
     123 0 3 1
     124 0 1 1
     124 0 2 1
     124 0 3 1
     125 0 1 1
     125 0 2 1
     125 0 3 1
     126 0 1 1
     126 0 2 1
     126 0 3 1
     127 0 1 1
     127 0 2 1
     127 0 3 1
     128 0 1 1
     128 0 2 1
     128 0 3 1
     129 0 1 1
     129 0 2 1
     129 0 3 1
     130 0 1 1
     130 0 2 1
     130 0 3 1
     131 0 1 1
     131 0 2 1
     131 0 3 1
     132 0 1 1
     132 0 2 1
     132 0 3 1
     133 0 1 1
     133 0 2 1
     133 0 3 1
     134 0 1 1
     134 0 2 1
     134 0 3 1
     135 0 1 1
     135 0 2 1
     135 0 3 1
     136 0 1 1
     136 0 2 1
     136 0 3 1
     137 0 1 1
     137 0 2 1
     137 0 3 1
     138 0 1 1
     138 0 2 1
     138 0 3 1
     139 0 1 1
     139 0 2 1
     139 0 3 1
     140 0 1 1
     140 0 2 1
     140 0 3 1
     141 0 1 1
     141 0 2 1
     141 0 3 1
     142 0 1 1
     142 0 2 1
     142 0 3 1
     143 0 1 1
     143 0 2 1
     143 0 3 1
     144 0 1 1
     144 0 2 1
     144 0 3 1
     145 0 1 1
     145 0 2 1
     145 0 3 1
     146 0 1 1
     146 0 2 1
     146 0 3 1
     147 0 1 1
     147 0 2 1
     147 0 3 1
     148 0 1 1
     148 0 2 1
     148 0 3 1
     149 0 1 1
     149 0 2 1
     149 0 3 1
     150 0 1 1
     150 0 2 1
     150 0 3 1
     151 0 1 1
     151 0 2 1
     151 0 3 1
     152 0 1 1
     152 0 2 1
     152 0 3 1
     153 0 1 1
     153 0 2 1
     153 0 3 1
     154 0 1 1
     154 0 2 1
     154 0 3 1
     155 0 1 1
     155 0 2 1
     155 0 3 1
     156 0 1 1
     156 0 2 1
     156 0 3 1
     157 0 1 1
     157 0 2 1
     157 0 3 1
     158 0 1 1
     158 0 2 1
     158 0 3 1
     159 0 1 1
     159 0 2 1
     159 0 3 1
     160 0 1 1
     160 0 2 1
     160 0 3 1
     161 0 1 1
     161 0 2 1
     161 0 3 1
     162 0 1 1
     162 0 2 1
     162 0 3 1
     163 0 1 1
     163 0 2 1
     163 0 3 1
     164 0 1 1
     164 0 2 1
     164 0 3 1
     165 0 1 1
     165 0 2 1
     165 0 3 1
     166 0 1 1
     166 0 2 1
     166 0 3 1
     167 0 1 1
     167 0 2 1
     167 0 3 1
     168 0 1 1
     168 0 2 1
     168 0 3 1
     169 0 1 1
     169 0 2 1
     169 0 3 1
     170 0 1 1
     170 0 2 1
     170 0 3 1
     171 0 1 1
     171 0 2 1
     171 0 3 1
     172 0 1 1
     172 0 2 1
     172 0 3 1
     173 0 1 1
     173 0 2 1
     173 0 3 1
     174 0 1 1
     174 0 2 1
     174 0 3 1
     175 0 1 1
     175 0 2 1
     175 0 3 1
     176 0 1 1
     176 0 2 1
     176 0 3 1
     177 0 1 1
     177 0 2 1
     177 0 3 1
     178 0 1 1
     178 0 2 1
     178 0 3 1
     179 0 1 1
     179 0 2 1
     179 0 3 1
     180 0 1 1
     180 0 2 1
     180 0 3 1
     181 0 1 1
     181 0 2 1
     181 0 3 1
     182 0 1 1
     182 0 2 1
     182 0 3 1
     183 0 1 1
     183 0 2 1
     183 0 3 1
     184 0 1 1
     184 0 2 1
     184 0 3 1
     185 0 1 1
     185 0 2 1
     185 0 3 1
     186 0 1 1
     186 0 2 1
     186 0 3 1
     187 0 1 1
     187 0 2 1
     187 0 3 1
     188 0 1 1
     188 0 2 1
     188 0 3 1
     189 0 1 1
     189 0 2 1
     189 0 3 1
     190 0 1 1
     190 0 2 1
     190 0 3 1
     191 0 1 1
     191 0 2 1
     191 0 3 1
     192 0 1 1
     192 0 2 1
     192 0 3 1
     193 0 1 1
     193 0 2 1
     193 0 3 1
     194 0 1 1
     194 0 2 1
     194 0 3 1
     195 0 1 1
     195 0 2 1
     195 0 3 1
     196 0 1 1
     196 0 2 1
     196 0 3 1
     197 0 1 1
     197 0 2 1
     197 0 3 1
     198 0 1 1
     198 0 2 1
     198 0 3 1
     199 0 1 1
     199 0 2 1
     199 0 3 1
     200 0 1 1
     200 0 2 1
     200 0 3 1
     201 0 1 1
     201 0 2 1
     201 0 3 1
     202 0 1 1
     202 0 2 1
     202 0 3 1
     203 0 1 1
     203 0 2 1
     203 0 3 1
     204 0 1 1
     204 0 2 1
     204 0 3 1
     205 0 1 1
     205 0 2 1
     205 0 3 1
     206 0 1 1
     206 0 2 1
     206 0 3 1
     207 0 1 1
     207 0 2 1
     207 0 3 1
     208 0 1 1
     208 0 2 1
     208 0 3 1
     209 0 1 1
     209 0 2 1
     209 0 3 1
     210 0 1 1
     210 0 2 1
     210 0 3 1
     211 0 1 1
     211 0 2 1
     211 0 3 1
     212 0 1 1
     212 0 2 1
     212 0 3 1
     213 0 1 1
     213 0 2 1
     213 0 3 1
     214 0 1 1
     214 0 2 1
     214 0 3 1
     215 0 1 1
     215 0 2 1
     215 0 3 1
     216 0 1 1
     216 0 2 1
     216 0 3 1
     217 0 1 1
     217 0 2 1
     217 0 3 1
     218 0 1 1
     218 0 2 1
     218 0 3 1
     219 0 1 1
     219 0 2 1
     219 0 3 1
     220 0 1 1
     220 0 2 1
     220 0 3 1
     221 0 1 1
     221 0 2 1
     221 0 3 1
     222 0 1 1
     222 0 2 1
     222 0 3 1
     223 0 1 1
     223 0 2 1
     223 0 3 1
     224 0 1 1
     224 0 2 1
     224 0 3 1
     225 0 1 1
     225 0 2 1
     225 0 3 1
     226 0 1 1
     226 0 2 1
     226 0 3 1
     227 0 1 1
     227 0 2 1
     227 0 3 1
     228 0 1 1
     228 0 2 1
     228 0 3 1
     229 0 1 1
     229 0 2 1
     229 0 3 1
     230 0 1 1
     230 0 2 1
     230 0 3 1
     231 0 1 1
     231 0 2 1
     231 0 3 1
     232 0 1 1
     232 0 2 1
     232 0 3 1
     233 0 1 1
     233 0 2 1
     233 0 3 1
     234 0 1 1
     234 0 2 1
     234 0 3 1
     235 0 1 1
     235 0 2 1
     235 0 3 1
     236 0 1 1
     236 0 2 1
     236 0 3 1
     237 0 1 1
     237 0 2 1
     237 0 3 1
     238 0 1 1
     238 0 2 1
     238 0 3 1
     239 0 1 1
     239 0 2 1
     239 0 3 1
     240 0 1 1
     240 0 2 1
     240 0 3 1
     241 0 1 1
     241 0 2 1
     241 0 3 1
     242 0 1 1
     242 0 2 1
     242 0 3 1
     243 0 1 1
     243 0 2 1
     243 0 3 1
     244 0 1 1
     244 0 2 1
     244 0 3 1
     245 0 1 1
     245 0 2 1
     245 0 3 1
     246 0 1 1
     246 0 2 1
     246 0 3 1
     247 0 1 1
     247 0 2 1
     247 0 3 1
     248 0 1 1
     248 0 2 1
     248 0 3 1
     249 0 1 1
     249 0 2 1
     249 0 3 1
     250 0 1 1
     250 0 2 1
     250 0 3 1
     251 0 1 1
     251 0 2 1
     251 0 3 1
     252 0 1 1
     252 0 2 1
     252 0 3 1
     253 0 1 1
     253 0 2 1
     253 0 3 1
     254 0 1 1
     254 0 2 1
     254 0 3 1
     255 0 1 1
     255 0 2 1
     255 0 3 1
     256 0 1 1
     256 0 2 1
     256 0 3 1
     257 0 1 1
     257 0 2 1
     257 0 3 1
     258 0 1 1
     258 0 2 1
     258 0 3 1
     259 0 1 1
     259 0 2 1
     259 0 3 1
     260 0 1 1
     260 0 2 1
     260 0 3 1
     261 0 1 1
     261 0 2 1
     261 0 3 1
     262 0 1 1
     262 0 2 1
     262 0 3 1
     263 0 1 1
     263 0 2 1
     263 0 3 1
     264 0 1 1
     264 0 2 1
     264 0 3 1
     265 0 1 1
     265 0 2 1
     265 0 3 1
     266 0 1 1
     266 0 2 1
     266 0 3 1
     267 0 1 1
     267 0 2 1
     267 0 3 1
     268 0 1 1
     268 0 2 1
     268 0 3 1
     269 0 1 1
     269 0 2 1
     269 0 3 1
     270 0 1 1
     270 0 2 1
     270 0 3 1
     271 0 1 1
     271 0 2 1
     271 0 3 1
     272 0 1 1
     272 0 2 1
     272 0 3 1
     273 0 1 1
     273 0 2 1
     273 0 3 1
     274 0 1 1
     274 0 2 1
     274 0 3 1
     275 0 1 1
     275 0 2 1
     275 0 3 1
     276 0 1 1
     276 0 2 1
     276 0 3 1
     277 0 1 1
     277 0 2 1
     277 0 3 1
     278 0 1 1
     278 0 2 1
     278 0 3 1
     279 0 1 1
     279 0 2 1
     279 0 3 1
     280 0 1 1
     280 0 2 1
     280 0 3 1
     281 0 1 1
     281 0 2 1
     281 0 3 1
     282 0 1 1
     282 0 2 1
     282 0 3 1
     283 0 1 1
     283 0 2 1
     283 0 3 1
     284 0 1 1
     284 0 2 1
     284 0 3 0
     285 0 1 1
     285 0 2 1
     285 0 3 0
     286 0 1 1
     286 0 2 1
     286 0 3 0
     287 0 1 1
     287 0 2 1
     287 0 3 0
     288 0 1 1
     288 0 2 1
     288 0 3 0
     289 0 1 1
     289 0 2 1
     289 0 3 0
     290 0 1 1
     290 0 2 1
     290 0 3 0
     291 0 1 1
     291 0 2 1
     291 0 3 0
     292 0 1 1
     292 0 2 1
     292 0 3 0
     293 0 1 1
     293 0 2 1
     293 0 3 0
     294 0 1 1
     294 0 2 1
     294 0 3 0
     295 0 1 1
     295 0 2 1
     295 0 3 0
     296 0 1 1
     296 0 2 1
     296 0 3 0
     297 0 1 1
     297 0 2 1
     297 0 3 0
     298 0 1 1
     298 0 2 1
     298 0 3 0
     299 0 1 1
     299 0 2 1
     299 0 3 0
     300 0 1 1
     300 0 2 1
     300 0 3 0
     301 0 1 1
     301 0 2 1
     301 0 3 0
     302 0 1 1
     302 0 2 1
     302 0 3 0
     303 0 1 1
     303 0 2 1
     303 0 3 0
     304 0 1 1
     304 0 2 1
     304 0 3 0
     305 0 1 1
     305 0 2 1
     305 0 3 0
     306 0 1 1
     306 0 2 1
     306 0 3 0
     307 0 1 1
     307 0 2 1
     307 0 3 0
     308 0 1 1
     308 0 2 1
     308 0 3 0
     309 0 1 1
     309 0 2 1
     309 0 3 0
     310 0 1 1
     310 0 2 1
     310 0 3 0
     311 0 1 0
     311 0 2 1
     311 0 3 1
     312 0 1 0
     312 0 2 1
     312 0 3 1
     313 0 1 0
     313 0 2 1
     313 0 3 1
     314 0 1 0
     314 0 2 1
     314 0 3 1
     315 0 1 0
     315 0 2 1
     315 0 3 1
     316 0 1 0
     316 0 2 1
     316 0 3 1
     317 0 1 0
     317 0 2 1
     317 0 3 1
     318 0 1 0
     318 0 2 1
     318 0 3 1
     319 0 1 0
     319 0 2 1
     319 0 3 1
     320 0 1 0
     320 0 2 1
     320 0 3 1
     321 0 1 0
     321 0 2 1
     321 0 3 1
     322 0 1 0
     322 0 2 1
     322 0 3 1
     323 0 1 0
     323 0 2 1
     323 0 3 0
     324 0 1 0
     324 0 2 1
     324 0 3 0
     325 0 1 0
     325 0 2 1
     325 0 3 0
     326 0 1 0
     326 0 2 1
     326 0 3 0
     327 0 1 0
     327 0 2 1
     327 0 3 0
     328 0 1 0
     328 0 2 1
     328 0 3 0
     329 0 1 0
     329 0 2 1
     329 0 3 0
     330 0 1 1
     330 0 2 0
     330 0 3 1
     331 0 1 1
     331 0 2 0
     331 0 3 1
     332 0 1 1
     332 0 2 0
     332 0 3 1
     333 0 1 1
     333 0 2 0
     333 0 3 1
     334 0 1 1
     334 0 2 0
     334 0 3 1
     335 0 1 1
     335 0 2 0
     335 0 3 1
     336 0 1 1
     336 0 2 0
     336 0 3 1
     337 0 1 1
     337 0 2 0
     337 0 3 1
     338 0 1 1
     338 0 2 0
     338 0 3 1
     339 0 1 1
     339 0 2 0
     339 0 3 1
     340 0 1 1
     340 0 2 0
     340 0 3 1
     341 0 1 1
     341 0 2 0
     341 0 3 1
     342 0 1 1
     342 0 2 0
     342 0 3 1
     343 0 1 1
     343 0 2 0
     343 0 3 1
     344 0 1 1
     344 0 2 0
     344 0 3 0
     345 0 1 1
     345 0 2 0
     345 0 3 0
     346 0 1 1
     346 0 2 0
     346 0 3 0
     347 0 1 1
     347 0 2 0
     347 0 3 0
     348 0 1 1
     348 0 2 0
     348 0 3 0
     349 0 1 1
     349 0 2 0
     349 0 3 0
     350 0 1 1
     350 0 2 0
     350 0 3 0
     351 0 1 1
     351 0 2 0
     351 0 3 0
     352 0 1 1
     352 0 2 0
     352 0 3 0
     353 0 1 1
     353 0 2 0
     353 0 3 0
     354 0 1 1
     354 0 2 0
     354 0 3 0
     355 0 1 1
     355 0 2 0
     355 0 3 0
     356 0 1 1
     356 0 2 0
     356 0 3 0
     357 0 1 1
     357 0 2 0
     357 0 3 0
     358 0 1 1
     358 0 2 0
     358 0 3 0
     359 0 1 1
     359 0 2 0
     359 0 3 0
     360 0 1 1
     360 0 2 0
     360 0 3 0
     361 0 1 1
     361 0 2 0
     361 0 3 0
     362 0 1 1
     362 0 2 0
     362 0 3 0
     363 0 1 1
     363 0 2 0
     363 0 3 0
     364 0 1 1
     364 0 2 0
     364 0 3 0
     365 0 1 1
     365 0 2 0
     365 0 3 0
     366 0 1 1
     366 0 2 0
     366 0 3 0
     367 0 1 1
     367 0 2 0
     367 0 3 0
     368 0 1 1
     368 0 2 0
     368 0 3 0
     369 0 1 1
     369 0 2 0
     369 0 3 0
     370 0 1 0
     370 0 2 0
     370 0 3 1
     371 0 1 0
     371 0 2 0
     371 0 3 1
     372 0 1 0
     372 0 2 0
     372 0 3 1
     373 0 1 0
     373 0 2 0
     373 0 3 1
     374 0 1 0
     374 0 2 0
     374 0 3 1
     375 0 1 0
     375 0 2 0
     375 0 3 1
     376 0 1 0
     376 0 2 0
     376 0 3 1
     377 0 1 0
     377 0 2 0
     377 0 3 1
     378 0 1 0
     378 0 2 0
     378 0 3 1
     379 0 1 0
     379 0 2 0
     379 0 3 1
     380 0 1 0
     380 0 2 0
     380 0 3 1
     381 0 1 0
     381 0 2 0
     381 0 3 1
     382 0 1 0
     382 0 2 0
     382 0 3 1
     383 0 1 0
     383 0 2 0
     383 0 3 1
     384 0 1 0
     384 0 2 0
     384 0 3 1
     385 0 1 0
     385 0 2 0
     385 0 3 1
     386 0 1 0
     386 0 2 0
     386 0 3 1
     387 0 1 0
     387 0 2 0
     387 0 3 1
     388 0 1 0
     388 0 2 0
     388 0 3 1
     389 0 1 0
     389 0 2 0
     389 0 3 1
     390 0 1 0
     390 0 2 0
     390 0 3 1
     391 0 1 0
     391 0 2 0
     391 0 3 1
     392 0 1 0
     392 0 2 0
     392 0 3 1
     393 0 1 0
     393 0 2 0
     393 0 3 1
     394 0 1 0
     394 0 2 0
     394 0 3 1
     395 0 1 0
     395 0 2 0
     395 0 3 1
     396 0 1 0
     396 0 2 0
     396 0 3 1
     397 0 1 0
     397 0 2 0
     397 0 3 1
     398 0 1 0
     398 0 2 0
     398 0 3 1
     399 0 1 0
     399 0 2 0
     399 0 3 0
     400 0 1 0
     400 0 2 0
     400 0 3 0
     401 0 1 0
     401 0 2 0
     401 0 3 0
     402 0 1 0
     402 0 2 0
     402 0 3 0
     403 0 1 0
     403 0 2 0
     403 0 3 0
     404 0 1 0
     404 0 2 0
     404 0 3 0
     405 0 1 0
     405 0 2 0
     405 0 3 0
     406 0 1 0
     406 0 2 0
     406 0 3 0
     407 0 1 0
     407 0 2 0
     407 0 3 0
     408 0 1 0
     408 0 2 0
     408 0 3 0
     409 0 1 0
     409 0 2 0
     409 0 3 0
     410 0 1 0
     410 0 2 0
     410 0 3 0
     411 0 1 0
     411 0 2 0
     411 0 3 0
     412 0 1 0
     412 0 2 0
     412 0 3 0
     413 0 1 0
     413 0 2 0
     413 0 3 0
     414 0 1 0
     414 0 2 0
     414 0 3 0
     415 0 1 0
     415 0 2 0
     415 0 3 0
     416 0 1 0
     416 0 2 0
     416 0 3 0
     417 0 1 0
     417 0 2 0
     417 0 3 0
     418 0 1 0
     418 0 2 0
     418 0 3 0
     419 0 1 0
     419 0 2 0
     419 0 3 0
     420 0 1 0
     420 0 2 0
     420 0 3 0
     421 0 1 0
     421 0 2 0
     421 0 3 0
     422 0 1 0
     422 0 2 0
     422 0 3 0
     423 0 1 0
     423 0 2 0
     423 0 3 0
     424 0 1 0
     424 0 2 0
     424 0 3 0
     425 0 1 0
     425 0 2 0
     425 0 3 0
     426 0 1 0
     426 0 2 0
     426 0 3 0
     427 0 1 0
     427 0 2 0
     427 0 3 0
     428 0 1 0
     428 0 2 0
     428 0 3 0
     429 0 1 0
     429 0 2 0
     429 0 3 0
     430 0 1 0
     430 0 2 0
     430 0 3 0
     431 0 1 0
     431 0 2 0
     431 0 3 0
     432 0 1 0
     432 0 2 0
     432 0 3 0
     433 0 1 0
     433 0 2 0
     433 0 3 0
     434 0 1 0
     434 0 2 0
     434 0 3 0
     435 0 1 0
     435 0 2 0
     435 0 3 0
     436 0 1 0
     436 0 2 0
     436 0 3 0
     437 0 1 0
     437 0 2 0
     437 0 3 0
     438 0 1 0
     438 0 2 0
     438 0 3 0
     439 0 1 0
     439 0 2 0
     439 0 3 0
     440 0 1 0
     440 0 2 0
     440 0 3 0
     441 0 1 0
     441 0 2 0
     441 0 3 0
     442 0 1 0
     442 0 2 0
     442 0 3 0
     443 0 1 0
     443 0 2 0
     443 0 3 0
     444 0 1 0
     444 0 2 0
     444 0 3 0
     445 0 1 0
     445 0 2 0
     445 0 3 0
     446 0 1 0
     446 0 2 0
     446 0 3 0
     447 0 1 0
     447 0 2 0
     447 0 3 0
     448 0 1 0
     448 0 2 0
     448 0 3 0
     449 0 1 0
     449 0 2 0
     449 0 3 0
     450 0 1 0
     450 0 2 0
     450 0 3 0
     451 0 1 0
     451 0 2 0
     451 0 3 0
     452 0 1 0
     452 0 2 0
     452 0 3 0
     453 0 1 0
     453 0 2 0
     453 0 3 0
     454 0 1 0
     454 0 2 0
     454 0 3 0
     455 0 1 0
     455 0 2 0
     455 0 3 0
     456 0 1 0
     456 0 2 0
     456 0 3 0
     457 0 1 0
     457 0 2 0
     457 0 3 0
     458 0 1 0
     458 0 2 0
     458 0 3 0
     459 0 1 0
     459 0 2 0
     459 0 3 0
     460 0 1 0
     460 0 2 0
     460 0 3 0
     461 0 1 0
     461 0 2 0
     461 0 3 0
     462 0 1 0
     462 0 2 0
     462 0 3 0
     463 0 1 0
     463 0 2 0
     463 0 3 0
     464 0 1 0
     464 0 2 0
     464 0 3 0
     465 0 1 0
     465 0 2 0
     465 0 3 0
     466 0 1 0
     466 0 2 0
     466 0 3 0
     467 0 1 0
     467 0 2 0
     467 0 3 0
     468 0 1 0
     468 0 2 0
     468 0 3 0
     469 0 1 0
     469 0 2 0
     469 0 3 0
     470 0 1 0
     470 0 2 0
     470 0 3 0
     471 0 1 0
     471 0 2 0
     471 0 3 0
     472 0 1 0
     472 0 2 0
     472 0 3 0
     473 0 1 0
     473 0 2 0
     473 0 3 0
     474 0 1 0
     474 0 2 0
     474 0 3 0
     475 0 1 0
     475 0 2 0
     475 0 3 0
     476 0 1 0
     476 0 2 0
     476 0 3 0
     477 0 1 0
     477 0 2 0
     477 0 3 0
     478 0 1 0
     478 0 2 0
     478 0 3 0
     479 0 1 0
     479 0 2 0
     479 0 3 0
     480 0 1 0
     480 0 2 0
     480 0 3 0
     481 0 1 0
     481 0 2 0
     481 0 3 0
     482 0 1 0
     482 0 2 0
     482 0 3 0
     483 0 1 0
     483 0 2 0
     483 0 3 0
     484 0 1 0
     484 0 2 0
     484 0 3 0
     485 0 1 0
     485 0 2 0
     485 0 3 0
     486 0 1 0
     486 0 2 0
     486 0 3 0
     487 0 1 0
     487 0 2 0
     487 0 3 0
     488 0 1 0
     488 0 2 0
     488 0 3 0
     489 0 1 0
     489 0 2 0
     489 0 3 0
     490 0 1 0
     490 0 2 0
     490 0 3 0
     491 0 1 0
     491 0 2 0
     491 0 3 0
     492 0 1 0
     492 0 2 0
     492 0 3 0
     493 0 1 0
     493 0 2 0
     493 0 3 0
     494 0 1 0
     494 0 2 0
     494 0 3 0
     495 0 1 0
     495 0 2 0
     495 0 3 0
     496 0 1 0
     496 0 2 0
     496 0 3 0
     497 0 1 0
     497 0 2 0
     497 0 3 0
     498 0 1 0
     498 0 2 0
     498 0 3 0
     499 0 1 0
     499 0 2 0
     499 0 3 0
     500 0 1 0
     500 0 2 0
     500 0 3 0
     501 0 1 0
     501 0 2 0
     501 0 3 0
     502 0 1 0
     502 0 2 0
     502 0 3 0
     503 0 1 0
     503 0 2 0
     503 0 3 0
     504 0 1 0
     504 0 2 0
     504 0 3 0
     505 0 1 0
     505 0 2 0
     505 0 3 0
     506 0 1 0
     506 0 2 0
     506 0 3 0
     507 0 1 0
     507 0 2 0
     507 0 3 0
     508 0 1 0
     508 0 2 0
     508 0 3 0
     509 0 1 0
     509 0 2 0
     509 0 3 0
     510 0 1 0
     510 0 2 0
     510 0 3 0
     511 0 1 0
     511 0 2 0
     511 0 3 0
     512 0 1 0
     512 0 2 0
     512 0 3 0
     513 0 1 0
     513 0 2 0
     513 0 3 0
     514 0 1 0
     514 0 2 0
     514 0 3 0
     515 0 1 0
     515 0 2 0
     515 0 3 0
     516 0 1 0
     516 0 2 0
     516 0 3 0
     517 0 1 0
     517 0 2 0
     517 0 3 0
     518 0 1 0
     518 0 2 0
     518 0 3 0
     519 0 1 0
     519 0 2 0
     519 0 3 0
     520 0 1 0
     520 0 2 0
     520 0 3 0
     521 0 1 0
     521 0 2 0
     521 0 3 0
     522 0 1 0
     522 0 2 0
     522 0 3 0
     523 0 1 0
     523 0 2 0
     523 0 3 0
     524 0 1 0
     524 0 2 0
     524 0 3 0
     525 0 1 0
     525 0 2 0
     525 0 3 0
     526 0 1 0
     526 0 2 0
     526 0 3 0
     527 0 1 0
     527 0 2 0
     527 0 3 0
     528 0 1 0
     528 0 2 0
     528 0 3 0
     529 0 1 0
     529 0 2 0
     529 0 3 0
     530 0 1 0
     530 0 2 0
     530 0 3 0
     531 0 1 0
     531 0 2 0
     531 0 3 0
     532 0 1 0
     532 0 2 0
     532 0 3 0
     533 0 1 0
     533 0 2 0
     533 0 3 0
     534 0 1 0
     534 0 2 0
     534 0 3 0
     535 0 1 0
     535 0 2 0
     535 0 3 0
     536 0 1 0
     536 0 2 0
     536 0 3 0
     537 0 1 0
     537 0 2 0
     537 0 3 0
     538 0 1 0
     538 0 2 0
     538 0 3 0
     539 0 1 0
     539 0 2 0
     539 0 3 0
     540 0 1 0
     540 0 2 0
     540 0 3 0
     541 0 1 0
     541 0 2 0
     541 0 3 0
     542 0 1 0
     542 0 2 0
     542 0 3 0
     543 0 1 0
     543 0 2 0
     543 0 3 0
     544 0 1 0
     544 0 2 0
     544 0 3 0
     545 0 1 0
     545 0 2 0
     545 0 3 0
     546 0 1 0
     546 0 2 0
     546 0 3 0
     547 0 1 0
     547 0 2 0
     547 0 3 0
     548 0 1 0
     548 0 2 0
     548 0 3 0
     549 0 1 0
     549 0 2 0
     549 0 3 0
     550 0 1 0
     550 0 2 0
     550 0 3 0
     551 0 1 0
     551 0 2 0
     551 0 3 0
     552 0 1 0
     552 0 2 0
     552 0 3 0
     553 0 1 0
     553 0 2 0
     553 0 3 0
     554 0 1 0
     554 0 2 0
     554 0 3 0
     555 0 1 0
     555 0 2 0
     555 0 3 0
     556 0 1 0
     556 0 2 0
     556 0 3 0
     557 0 1 0
     557 0 2 0
     557 0 3 0
     558 0 1 0
     558 0 2 0
     558 0 3 0
     559 0 1 0
     559 0 2 0
     559 0 3 0
     560 0 1 0
     560 0 2 0
     560 0 3 0
     561 0 1 0
     561 0 2 0
     561 0 3 0
     562 0 1 0
     562 0 2 0
     562 0 3 0
     563 0 1 0
     563 0 2 0
     563 0 3 0
     564 0 1 0
     564 0 2 0
     564 0 3 0
     565 0 1 0
     565 0 2 0
     565 0 3 0
     566 0 1 0
     566 0 2 0
     566 0 3 0
     567 0 1 0
     567 0 2 0
     567 0 3 0
     568 0 1 0
     568 0 2 0
     568 0 3 0
     569 0 1 0
     569 0 2 0
     569 0 3 0
     570 0 1 0
     570 0 2 0
     570 0 3 0
     571 0 1 0
     571 0 2 0
     571 0 3 0
     572 0 1 0
     572 0 2 0
     572 0 3 0
     573 0 1 0
     573 0 2 0
     573 0 3 0
     574 0 1 0
     574 0 2 0
     574 0 3 0
     575 0 1 0
     575 0 2 0
     575 0 3 0
     576 0 1 0
     576 0 2 0
     576 0 3 0
     577 0 1 0
     577 0 2 0
     577 0 3 0
     578 0 1 0
     578 0 2 0
     578 0 3 0
     579 0 1 0
     579 0 2 0
     579 0 3 0
     580 0 1 0
     580 0 2 0
     580 0 3 0
     581 0 1 0
     581 0 2 0
     581 0 3 0
     582 0 1 0
     582 0 2 0
     582 0 3 0
     583 0 1 0
     583 0 2 0
     583 0 3 0
     584 0 1 0
     584 0 2 0
     584 0 3 0
     585 0 1 0
     585 0 2 0
     585 0 3 0
     586 0 1 0
     586 0 2 0
     586 0 3 0
     587 0 1 0
     587 0 2 0
     587 0 3 0
     588 0 1 0
     588 0 2 0
     588 0 3 0
     589 0 1 0
     589 0 2 0
     589 0 3 0
     590 0 1 0
     590 0 2 0
     590 0 3 0
     591 0 1 0
     591 0 2 0
     591 0 3 0
     592 0 1 0
     592 0 2 0
     592 0 3 0
     593 0 1 0
     593 0 2 0
     593 0 3 0
     594 0 1 0
     594 0 2 0
     594 0 3 0
     595 0 1 0
     595 0 2 0
     595 0 3 0
     596 0 1 0
     596 0 2 0
     596 0 3 0
     597 0 1 0
     597 0 2 0
     597 0 3 0
     598 0 1 0
     598 0 2 0
     598 0 3 0
     599 0 1 0
     599 0 2 0
     599 0 3 0
     600 0 1 0
     600 0 2 0
     600 0 3 0
     601 0 1 0
     601 0 2 0
     601 0 3 0
     602 0 1 0
     602 0 2 0
     602 0 3 0
     603 0 1 0
     603 0 2 0
     603 0 3 0
     604 0 1 0
     604 0 2 0
     604 0 3 0
     605 0 1 0
     605 0 2 0
     605 0 3 0
     606 0 1 0
     606 0 2 0
     606 0 3 0
     607 0 1 0
     607 0 2 0
     607 0 3 0
     608 0 1 0
     608 0 2 0
     608 0 3 0
     609 0 1 0
     609 0 2 0
     609 0 3 0
     610 0 1 0
     610 0 2 0
     610 0 3 0
     611 0 1 0
     611 0 2 0
     611 0 3 0
     612 0 1 0
     612 0 2 0
     612 0 3 0
     613 0 1 0
     613 0 2 0
     613 0 3 0
     614 0 1 0
     614 0 2 0
     614 0 3 0
     615 0 1 0
     615 0 2 0
     615 0 3 0
     616 0 1 0
     616 0 2 0
     616 0 3 0
     617 0 1 0
     617 0 2 0
     617 0 3 0
     618 0 1 0
     618 0 2 0
     618 0 3 0
     619 0 1 0
     619 0 2 0
     619 0 3 0
     620 0 1 0
     620 0 2 0
     620 0 3 0
     621 0 1 0
     621 0 2 0
     621 0 3 0
     622 0 1 0
     622 0 2 0
     622 0 3 0
     623 0 1 0
     623 0 2 0
     623 0 3 0
     624 0 1 0
     624 0 2 0
     624 0 3 0
     625 0 1 0
     625 0 2 0
     625 0 3 0
     626 0 1 0
     626 0 2 0
     626 0 3 0
     627 0 1 0
     627 0 2 0
     627 0 3 0
     628 0 1 0
     628 0 2 0
     628 0 3 0
     629 0 1 0
     629 0 2 0
     629 0 3 0
     630 0 1 0
     630 0 2 0
     630 0 3 0
     631 0 1 0
     631 0 2 0
     631 0 3 0
     632 0 1 0
     632 0 2 0
     632 0 3 0
     633 0 1 0
     633 0 2 0
     633 0 3 0
     634 0 1 0
     634 0 2 0
     634 0 3 0
     635 0 1 0
     635 0 2 0
     635 0 3 0
     636 0 1 0
     636 0 2 0
     636 0 3 0
     637 0 1 0
     637 0 2 0
     637 0 3 0
     638 0 1 0
     638 0 2 0
     638 0 3 0
     639 0 1 0
     639 0 2 0
     639 0 3 0
     640 0 1 0
     640 0 2 0
     640 0 3 0
     641 0 1 0
     641 0 2 0
     641 0 3 0
     642 0 1 0
     642 0 2 0
     642 0 3 0
     643 0 1 0
     643 0 2 0
     643 0 3 0
     644 0 1 0
     644 0 2 0
     644 0 3 0
     645 0 1 0
     645 0 2 0
     645 0 3 0
     646 0 1 0
     646 0 2 0
     646 0 3 0
     647 0 1 0
     647 0 2 0
     647 0 3 0
     648 0 1 0
     648 0 2 0
     648 0 3 0
     649 0 1 0
     649 0 2 0
     649 0 3 0
     650 0 1 0
     650 0 2 0
     650 0 3 0
     651 0 1 0
     651 0 2 0
     651 0 3 0
     652 0 1 0
     652 0 2 0
     652 0 3 0
     653 0 1 0
     653 0 2 0
     653 0 3 0
     654 0 1 0
     654 0 2 0
     654 0 3 0
     655 0 1 0
     655 0 2 0
     655 0 3 0
     656 0 1 0
     656 0 2 0
     656 0 3 0
     657 0 1 0
     657 0 2 0
     657 0 3 0
     658 0 1 0
     658 0 2 0
     658 0 3 0
     659 0 1 0
     659 0 2 0
     659 0 3 0
     660 0 1 0
     660 0 2 0
     660 0 3 0
     661 1 1 1
     661 1 2 1
     661 1 3 1
     662 1 1 1
     662 1 2 1
     662 1 3 1
     663 1 1 1
     663 1 2 1
     663 1 3 1
     664 1 1 1
     664 1 2 1
     664 1 3 1
     665 1 1 1
     665 1 2 1
     665 1 3 1
     666 1 1 1
     666 1 2 1
     666 1 3 1
     667 1 1 1
     667 1 2 1
     667 1 3 1
     668 1 1 1
     668 1 2 1
     668 1 3 1
     669 1 1 1
     669 1 2 1
     669 1 3 1
     670 1 1 1
     670 1 2 1
     670 1 3 1
     671 1 1 1
     671 1 2 1
     671 1 3 1
     672 1 1 1
     672 1 2 1
     672 1 3 1
     673 1 1 1
     673 1 2 1
     673 1 3 1
     674 1 1 1
     674 1 2 1
     674 1 3 1
     675 1 1 1
     675 1 2 1
     675 1 3 1
     676 1 1 1
     676 1 2 1
     676 1 3 1
     677 1 1 1
     677 1 2 1
     677 1 3 1
     678 1 1 1
     678 1 2 1
     678 1 3 1
     679 1 1 1
     679 1 2 1
     679 1 3 1
     680 1 1 1
     680 1 2 1
     680 1 3 1
     681 1 1 1
     681 1 2 1
     681 1 3 1
     682 1 1 1
     682 1 2 1
     682 1 3 1
     683 1 1 1
     683 1 2 1
     683 1 3 1
     684 1 1 1
     684 1 2 1
     684 1 3 1
     685 1 1 1
     685 1 2 1
     685 1 3 1
     686 1 1 1
     686 1 2 1
     686 1 3 1
     687 1 1 1
     687 1 2 1
     687 1 3 1
     688 1 1 1
     688 1 2 1
     688 1 3 1
     689 1 1 1
     689 1 2 1
     689 1 3 1
     690 1 1 1
     690 1 2 1
     690 1 3 1
     691 1 1 1
     691 1 2 1
     691 1 3 1
     692 1 1 1
     692 1 2 1
     692 1 3 1
     693 1 1 1
     693 1 2 1
     693 1 3 1
     694 1 1 1
     694 1 2 1
     694 1 3 1
     695 1 1 1
     695 1 2 1
     695 1 3 1
     696 1 1 1
     696 1 2 1
     696 1 3 1
     697 1 1 1
     697 1 2 1
     697 1 3 1
     698 1 1 1
     698 1 2 1
     698 1 3 1
     699 1 1 1
     699 1 2 1
     699 1 3 1
     700 1 1 1
     700 1 2 1
     700 1 3 1
     701 1 1 1
     701 1 2 1
     701 1 3 1
     702 1 1 1
     702 1 2 1
     702 1 3 1
     703 1 1 1
     703 1 2 1
     703 1 3 1
     704 1 1 1
     704 1 2 1
     704 1 3 1
     705 1 1 1
     705 1 2 1
     705 1 3 1
     706 1 1 1
     706 1 2 1
     706 1 3 1
     707 1 1 1
     707 1 2 1
     707 1 3 1
     708 1 1 1
     708 1 2 1
     708 1 3 1
     709 1 1 1
     709 1 2 1
     709 1 3 1
     710 1 1 1
     710 1 2 1
     710 1 3 1
     711 1 1 1
     711 1 2 1
     711 1 3 1
     712 1 1 1
     712 1 2 1
     712 1 3 1
     713 1 1 1
     713 1 2 1
     713 1 3 1
     714 1 1 1
     714 1 2 1
     714 1 3 1
     715 1 1 1
     715 1 2 1
     715 1 3 1
     716 1 1 1
     716 1 2 1
     716 1 3 1
     717 1 1 1
     717 1 2 1
     717 1 3 1
     718 1 1 1
     718 1 2 1
     718 1 3 1
     719 1 1 1
     719 1 2 1
     719 1 3 1
     720 1 1 1
     720 1 2 1
     720 1 3 1
     721 1 1 1
     721 1 2 1
     721 1 3 1
     722 1 1 1
     722 1 2 1
     722 1 3 1
     723 1 1 1
     723 1 2 1
     723 1 3 1
     724 1 1 1
     724 1 2 1
     724 1 3 1
     725 1 1 1
     725 1 2 1
     725 1 3 1
     726 1 1 1
     726 1 2 1
     726 1 3 1
     727 1 1 1
     727 1 2 1
     727 1 3 1
     728 1 1 1
     728 1 2 1
     728 1 3 1
     729 1 1 1
     729 1 2 1
     729 1 3 1
     730 1 1 1
     730 1 2 1
     730 1 3 1
     731 1 1 1
     731 1 2 1
     731 1 3 1
     732 1 1 1
     732 1 2 1
     732 1 3 1
     733 1 1 1
     733 1 2 1
     733 1 3 1
     734 1 1 1
     734 1 2 1
     734 1 3 1
     735 1 1 1
     735 1 2 1
     735 1 3 1
     736 1 1 1
     736 1 2 1
     736 1 3 1
     737 1 1 1
     737 1 2 1
     737 1 3 1
     738 1 1 1
     738 1 2 1
     738 1 3 1
     739 1 1 1
     739 1 2 1
     739 1 3 1
     740 1 1 1
     740 1 2 1
     740 1 3 1
     741 1 1 1
     741 1 2 1
     741 1 3 1
     742 1 1 1
     742 1 2 1
     742 1 3 1
     743 1 1 1
     743 1 2 1
     743 1 3 1
     744 1 1 1
     744 1 2 1
     744 1 3 1
     745 1 1 1
     745 1 2 1
     745 1 3 1
     746 1 1 1
     746 1 2 1
     746 1 3 1
     747 1 1 1
     747 1 2 1
     747 1 3 1
     748 1 1 1
     748 1 2 1
     748 1 3 1
     749 1 1 1
     749 1 2 1
     749 1 3 1
     750 1 1 1
     750 1 2 1
     750 1 3 1
     751 1 1 1
     751 1 2 1
     751 1 3 1
     752 1 1 1
     752 1 2 1
     752 1 3 1
     753 1 1 1
     753 1 2 1
     753 1 3 1
     754 1 1 1
     754 1 2 1
     754 1 3 1
     755 1 1 1
     755 1 2 1
     755 1 3 1
     756 1 1 1
     756 1 2 1
     756 1 3 1
     757 1 1 1
     757 1 2 1
     757 1 3 1
     758 1 1 1
     758 1 2 1
     758 1 3 1
     759 1 1 1
     759 1 2 1
     759 1 3 1
     760 1 1 1
     760 1 2 1
     760 1 3 1
     761 1 1 1
     761 1 2 1
     761 1 3 1
     762 1 1 1
     762 1 2 1
     762 1 3 1
     763 1 1 1
     763 1 2 1
     763 1 3 1
     764 1 1 1
     764 1 2 1
     764 1 3 1
     765 1 1 1
     765 1 2 1
     765 1 3 1
     766 1 1 1
     766 1 2 1
     766 1 3 1
     767 1 1 1
     767 1 2 1
     767 1 3 1
     768 1 1 1
     768 1 2 1
     768 1 3 1
     769 1 1 1
     769 1 2 1
     769 1 3 1
     770 1 1 1
     770 1 2 1
     770 1 3 1
     771 1 1 1
     771 1 2 1
     771 1 3 1
     772 1 1 1
     772 1 2 1
     772 1 3 1
     773 1 1 1
     773 1 2 1
     773 1 3 1
     774 1 1 1
     774 1 2 1
     774 1 3 1
     775 1 1 1
     775 1 2 1
     775 1 3 1
     776 1 1 1
     776 1 2 1
     776 1 3 1
     777 1 1 1
     777 1 2 1
     777 1 3 1
     778 1 1 1
     778 1 2 1
     778 1 3 1
     779 1 1 1
     779 1 2 1
     779 1 3 1
     780 1 1 1
     780 1 2 1
     780 1 3 1
     781 1 1 1
     781 1 2 1
     781 1 3 1
     782 1 1 1
     782 1 2 1
     782 1 3 1
     783 1 1 1
     783 1 2 1
     783 1 3 1
     784 1 1 1
     784 1 2 1
     784 1 3 1
     785 1 1 1
     785 1 2 1
     785 1 3 1
     786 1 1 1
     786 1 2 1
     786 1 3 1
     787 1 1 1
     787 1 2 1
     787 1 3 1
     788 1 1 1
     788 1 2 1
     788 1 3 1
     789 1 1 1
     789 1 2 1
     789 1 3 1
     790 1 1 1
     790 1 2 1
     790 1 3 1
     791 1 1 1
     791 1 2 1
     791 1 3 1
     792 1 1 1
     792 1 2 1
     792 1 3 1
     793 1 1 1
     793 1 2 1
     793 1 3 1
     794 1 1 1
     794 1 2 1
     794 1 3 1
     795 1 1 1
     795 1 2 1
     795 1 3 1
     796 1 1 1
     796 1 2 1
     796 1 3 1
     797 1 1 1
     797 1 2 1
     797 1 3 1
     798 1 1 1
     798 1 2 1
     798 1 3 1
     799 1 1 1
     799 1 2 1
     799 1 3 1
     800 1 1 1
     800 1 2 1
     800 1 3 1
     801 1 1 1
     801 1 2 1
     801 1 3 1
     802 1 1 1
     802 1 2 1
     802 1 3 1
     803 1 1 1
     803 1 2 1
     803 1 3 1
     804 1 1 1
     804 1 2 1
     804 1 3 1
     805 1 1 1
     805 1 2 1
     805 1 3 1
     806 1 1 1
     806 1 2 1
     806 1 3 1
     807 1 1 1
     807 1 2 1
     807 1 3 1
     808 1 1 1
     808 1 2 1
     808 1 3 1
     809 1 1 1
     809 1 2 1
     809 1 3 1
     810 1 1 1
     810 1 2 1
     810 1 3 1
     811 1 1 1
     811 1 2 1
     811 1 3 1
     812 1 1 1
     812 1 2 1
     812 1 3 1
     813 1 1 1
     813 1 2 1
     813 1 3 1
     814 1 1 1
     814 1 2 1
     814 1 3 1
     815 1 1 1
     815 1 2 1
     815 1 3 1
     816 1 1 1
     816 1 2 1
     816 1 3 1
     817 1 1 1
     817 1 2 1
     817 1 3 1
     818 1 1 1
     818 1 2 1
     818 1 3 1
     819 1 1 1
     819 1 2 1
     819 1 3 1
     820 1 1 1
     820 1 2 1
     820 1 3 1
     821 1 1 1
     821 1 2 1
     821 1 3 1
     822 1 1 1
     822 1 2 1
     822 1 3 1
     823 1 1 1
     823 1 2 1
     823 1 3 1
     824 1 1 1
     824 1 2 1
     824 1 3 1
     825 1 1 1
     825 1 2 1
     825 1 3 1
     826 1 1 1
     826 1 2 1
     826 1 3 1
     827 1 1 1
     827 1 2 1
     827 1 3 1
     828 1 1 1
     828 1 2 1
     828 1 3 1
     829 1 1 1
     829 1 2 1
     829 1 3 1
     830 1 1 1
     830 1 2 1
     830 1 3 1
     831 1 1 1
     831 1 2 1
     831 1 3 1
     832 1 1 1
     832 1 2 1
     832 1 3 1
     833 1 1 1
     833 1 2 1
     833 1 3 1
     834 1 1 1
     834 1 2 1
     834 1 3 1
     835 1 1 1
     835 1 2 1
     835 1 3 1
     836 1 1 1
     836 1 2 1
     836 1 3 1
     837 1 1 1
     837 1 2 1
     837 1 3 1
     838 1 1 1
     838 1 2 1
     838 1 3 1
     839 1 1 1
     839 1 2 1
     839 1 3 1
     840 1 1 1
     840 1 2 1
     840 1 3 1
     841 1 1 1
     841 1 2 1
     841 1 3 1
     842 1 1 1
     842 1 2 1
     842 1 3 1
     843 1 1 1
     843 1 2 1
     843 1 3 1
     844 1 1 1
     844 1 2 1
     844 1 3 1
     845 1 1 1
     845 1 2 1
     845 1 3 1
     846 1 1 1
     846 1 2 1
     846 1 3 1
     847 1 1 1
     847 1 2 1
     847 1 3 1
     848 1 1 1
     848 1 2 1
     848 1 3 1
     849 1 1 1
     849 1 2 1
     849 1 3 1
     850 1 1 1
     850 1 2 1
     850 1 3 1
     851 1 1 1
     851 1 2 1
     851 1 3 1
     852 1 1 1
     852 1 2 1
     852 1 3 1
     853 1 1 1
     853 1 2 1
     853 1 3 1
     854 1 1 1
     854 1 2 1
     854 1 3 1
     855 1 1 1
     855 1 2 1
     855 1 3 1
     856 1 1 1
     856 1 2 1
     856 1 3 1
     857 1 1 1
     857 1 2 1
     857 1 3 1
     858 1 1 1
     858 1 2 1
     858 1 3 1
     859 1 1 1
     859 1 2 1
     859 1 3 1
     860 1 1 1
     860 1 2 1
     860 1 3 1
     861 1 1 1
     861 1 2 1
     861 1 3 1
     862 1 1 1
     862 1 2 1
     862 1 3 1
     863 1 1 1
     863 1 2 1
     863 1 3 1
     864 1 1 1
     864 1 2 1
     864 1 3 1
     865 1 1 1
     865 1 2 1
     865 1 3 1
     866 1 1 1
     866 1 2 1
     866 1 3 1
     867 1 1 1
     867 1 2 1
     867 1 3 1
     868 1 1 1
     868 1 2 1
     868 1 3 1
     869 1 1 1
     869 1 2 1
     869 1 3 1
     870 1 1 1
     870 1 2 1
     870 1 3 1
     871 1 1 1
     871 1 2 1
     871 1 3 1
     872 1 1 1
     872 1 2 1
     872 1 3 1
     873 1 1 1
     873 1 2 1
     873 1 3 1
     874 1 1 1
     874 1 2 1
     874 1 3 1
     875 1 1 1
     875 1 2 1
     875 1 3 1
     876 1 1 1
     876 1 2 1
     876 1 3 1
     877 1 1 1
     877 1 2 1
     877 1 3 1
     878 1 1 1
     878 1 2 1
     878 1 3 1
     879 1 1 1
     879 1 2 1
     879 1 3 1
     880 1 1 1
     880 1 2 1
     880 1 3 1
     881 1 1 1
     881 1 2 1
     881 1 3 1
     882 1 1 1
     882 1 2 1
     882 1 3 1
     883 1 1 1
     883 1 2 1
     883 1 3 1
     884 1 1 1
     884 1 2 1
     884 1 3 1
     885 1 1 1
     885 1 2 1
     885 1 3 1
     886 1 1 1
     886 1 2 1
     886 1 3 1
     887 1 1 1
     887 1 2 1
     887 1 3 1
     888 1 1 1
     888 1 2 1
     888 1 3 1
     889 1 1 1
     889 1 2 1
     889 1 3 1
     890 1 1 1
     890 1 2 1
     890 1 3 1
     891 1 1 1
     891 1 2 1
     891 1 3 1
     892 1 1 1
     892 1 2 1
     892 1 3 1
     893 1 1 1
     893 1 2 1
     893 1 3 1
     894 1 1 1
     894 1 2 1
     894 1 3 1
     895 1 1 1
     895 1 2 1
     895 1 3 1
     896 1 1 1
     896 1 2 1
     896 1 3 1
     897 1 1 1
     897 1 2 1
     897 1 3 1
     898 1 1 1
     898 1 2 1
     898 1 3 1
     899 1 1 1
     899 1 2 1
     899 1 3 1
     900 1 1 1
     900 1 2 1
     900 1 3 1
     901 1 1 1
     901 1 2 1
     901 1 3 1
     902 1 1 1
     902 1 2 1
     902 1 3 1
     903 1 1 1
     903 1 2 1
     903 1 3 1
     904 1 1 1
     904 1 2 1
     904 1 3 1
     905 1 1 1
     905 1 2 1
     905 1 3 1
     906 1 1 1
     906 1 2 1
     906 1 3 1
     907 1 1 1
     907 1 2 1
     907 1 3 1
     908 1 1 1
     908 1 2 1
     908 1 3 1
     909 1 1 1
     909 1 2 1
     909 1 3 1
     910 1 1 1
     910 1 2 1
     910 1 3 1
     911 1 1 1
     911 1 2 1
     911 1 3 1
     912 1 1 1
     912 1 2 1
     912 1 3 1
     913 1 1 1
     913 1 2 1
     913 1 3 1
     914 1 1 1
     914 1 2 1
     914 1 3 1
     915 1 1 1
     915 1 2 1
     915 1 3 1
     916 1 1 1
     916 1 2 1
     916 1 3 1
     917 1 1 1
     917 1 2 1
     917 1 3 1
     918 1 1 1
     918 1 2 1
     918 1 3 1
     919 1 1 1
     919 1 2 1
     919 1 3 1
     920 1 1 1
     920 1 2 1
     920 1 3 1
     921 1 1 1
     921 1 2 1
     921 1 3 1
     922 1 1 1
     922 1 2 1
     922 1 3 1
     923 1 1 1
     923 1 2 1
     923 1 3 1
     924 1 1 1
     924 1 2 1
     924 1 3 1
     925 1 1 1
     925 1 2 1
     925 1 3 1
     926 1 1 1
     926 1 2 1
     926 1 3 1
     927 1 1 1
     927 1 2 1
     927 1 3 1
     928 1 1 1
     928 1 2 1
     928 1 3 1
     929 1 1 1
     929 1 2 1
     929 1 3 1
     930 1 1 1
     930 1 2 1
     930 1 3 1
     931 1 1 1
     931 1 2 1
     931 1 3 1
     932 1 1 1
     932 1 2 1
     932 1 3 1
     933 1 1 1
     933 1 2 1
     933 1 3 1
     934 1 1 1
     934 1 2 1
     934 1 3 1
     935 1 1 1
     935 1 2 1
     935 1 3 1
     936 1 1 1
     936 1 2 1
     936 1 3 1
     937 1 1 1
     937 1 2 1
     937 1 3 1
     938 1 1 1
     938 1 2 1
     938 1 3 1
     939 1 1 1
     939 1 2 1
     939 1 3 1
     940 1 1 1
     940 1 2 1
     940 1 3 1
     941 1 1 1
     941 1 2 1
     941 1 3 1
     942 1 1 1
     942 1 2 1
     942 1 3 1
     943 1 1 1
     943 1 2 1
     943 1 3 1
     944 1 1 1
     944 1 2 1
     944 1 3 1
     945 1 1 1
     945 1 2 1
     945 1 3 1
     946 1 1 1
     946 1 2 1
     946 1 3 1
     947 1 1 1
     947 1 2 1
     947 1 3 1
     948 1 1 1
     948 1 2 1
     948 1 3 1
     949 1 1 1
     949 1 2 1
     949 1 3 1
     950 1 1 1
     950 1 2 1
     950 1 3 1
     951 1 1 1
     951 1 2 1
     951 1 3 1
     952 1 1 1
     952 1 2 1
     952 1 3 1
     953 1 1 1
     953 1 2 1
     953 1 3 1
     954 1 1 1
     954 1 2 1
     954 1 3 1
     955 1 1 1
     955 1 2 1
     955 1 3 1
     956 1 1 1
     956 1 2 1
     956 1 3 1
     957 1 1 1
     957 1 2 1
     957 1 3 1
     958 1 1 1
     958 1 2 1
     958 1 3 1
     959 1 1 1
     959 1 2 1
     959 1 3 1
     960 1 1 1
     960 1 2 1
     960 1 3 1
     961 1 1 1
     961 1 2 1
     961 1 3 1
     962 1 1 1
     962 1 2 1
     962 1 3 1
     963 1 1 1
     963 1 2 1
     963 1 3 1
     964 1 1 1
     964 1 2 1
     964 1 3 1
     965 1 1 1
     965 1 2 1
     965 1 3 1
     966 1 1 1
     966 1 2 1
     966 1 3 1
     967 1 1 1
     967 1 2 1
     967 1 3 1
     968 1 1 1
     968 1 2 1
     968 1 3 1
     969 1 1 1
     969 1 2 1
     969 1 3 1
     970 1 1 1
     970 1 2 1
     970 1 3 1
     971 1 1 1
     971 1 2 1
     971 1 3 1
     972 1 1 1
     972 1 2 1
     972 1 3 1
     973 1 1 1
     973 1 2 1
     973 1 3 1
     974 1 1 1
     974 1 2 1
     974 1 3 1
     975 1 1 1
     975 1 2 1
     975 1 3 1
     976 1 1 1
     976 1 2 1
     976 1 3 1
     977 1 1 1
     977 1 2 1
     977 1 3 1
     978 1 1 1
     978 1 2 1
     978 1 3 1
     979 1 1 1
     979 1 2 1
     979 1 3 1
     980 1 1 1
     980 1 2 1
     980 1 3 1
     981 1 1 1
     981 1 2 1
     981 1 3 1
     982 1 1 1
     982 1 2 1
     982 1 3 1
     983 1 1 1
     983 1 2 1
     983 1 3 1
     984 1 1 1
     984 1 2 1
     984 1 3 1
     985 1 1 1
     985 1 2 1
     985 1 3 1
     986 1 1 1
     986 1 2 1
     986 1 3 0
     987 1 1 1
     987 1 2 1
     987 1 3 0
     988 1 1 1
     988 1 2 1
     988 1 3 0
     989 1 1 1
     989 1 2 1
     989 1 3 0
     990 1 1 1
     990 1 2 1
     990 1 3 0
     991 1 1 1
     991 1 2 1
     991 1 3 0
     992 1 1 1
     992 1 2 1
     992 1 3 0
     993 1 1 1
     993 1 2 1
     993 1 3 0
     994 1 1 1
     994 1 2 1
     994 1 3 0
     995 1 1 1
     995 1 2 1
     995 1 3 0
     996 1 1 1
     996 1 2 1
     996 1 3 0
     997 1 1 1
     997 1 2 1
     997 1 3 0
     998 1 1 1
     998 1 2 1
     998 1 3 0
     999 1 1 1
     999 1 2 1
     999 1 3 0
     1000 1 1 1
     1000 1 2 1
     1000 1 3 0
     1001 1 1 0
     1001 1 2 1
     1001 1 3 1
     1002 1 1 0
     1002 1 2 1
     1002 1 3 1
     1003 1 1 0
     1003 1 2 1
     1003 1 3 1
     1004 1 1 0
     1004 1 2 1
     1004 1 3 1
     1005 1 1 0
     1005 1 2 1
     1005 1 3 1
     1006 1 1 0
     1006 1 2 1
     1006 1 3 1
     1007 1 1 0
     1007 1 2 1
     1007 1 3 1
     1008 1 1 0
     1008 1 2 1
     1008 1 3 1
     1009 1 1 0
     1009 1 2 1
     1009 1 3 1
     1010 1 1 0
     1010 1 2 1
     1010 1 3 1
     1011 1 1 0
     1011 1 2 1
     1011 1 3 1
     1012 1 1 0
     1012 1 2 1
     1012 1 3 1
     1013 1 1 0
     1013 1 2 1
     1013 1 3 1
     1014 1 1 0
     1014 1 2 1
     1014 1 3 0
     1015 1 1 0
     1015 1 2 1
     1015 1 3 0
     1016 1 1 0
     1016 1 2 1
     1016 1 3 0
     1017 1 1 0
     1017 1 2 1
     1017 1 3 0
     1018 1 1 0
     1018 1 2 1
     1018 1 3 0
     1019 1 1 0
     1019 1 2 1
     1019 1 3 0
     1020 1 1 0
     1020 1 2 1
     1020 1 3 0
     1021 1 1 0
     1021 1 2 1
     1021 1 3 0
     1022 1 1 0
     1022 1 2 1
     1022 1 3 0
     1023 1 1 1
     1023 1 2 0
     1023 1 3 1
     1024 1 1 1
     1024 1 2 0
     1024 1 3 1
     1025 1 1 1
     1025 1 2 0
     1025 1 3 1
     1026 1 1 1
     1026 1 2 0
     1026 1 3 1
     1027 1 1 1
     1027 1 2 0
     1027 1 3 1
     1028 1 1 1
     1028 1 2 0
     1028 1 3 1
     1029 1 1 1
     1029 1 2 0
     1029 1 3 1
     1030 1 1 1
     1030 1 2 0
     1030 1 3 1
     1031 1 1 1
     1031 1 2 0
     1031 1 3 1
     1032 1 1 1
     1032 1 2 0
     1032 1 3 1
     1033 1 1 1
     1033 1 2 0
     1033 1 3 1
     1034 1 1 1
     1034 1 2 0
     1034 1 3 1
     1035 1 1 1
     1035 1 2 0
     1035 1 3 1
     1036 1 1 1
     1036 1 2 0
     1036 1 3 1
     1037 1 1 1
     1037 1 2 0
     1037 1 3 1
     1038 1 1 1
     1038 1 2 0
     1038 1 3 1
     1039 1 1 1
     1039 1 2 0
     1039 1 3 1
     1040 1 1 1
     1040 1 2 0
     1040 1 3 1
     1041 1 1 1
     1041 1 2 0
     1041 1 3 1
     1042 1 1 1
     1042 1 2 0
     1042 1 3 1
     1043 1 1 1
     1043 1 2 0
     1043 1 3 1
     1044 1 1 1
     1044 1 2 0
     1044 1 3 1
     1045 1 1 1
     1045 1 2 0
     1045 1 3 0
     1046 1 1 1
     1046 1 2 0
     1046 1 3 0
     1047 1 1 1
     1047 1 2 0
     1047 1 3 0
     1048 1 1 1
     1048 1 2 0
     1048 1 3 0
     1049 1 1 1
     1049 1 2 0
     1049 1 3 0
     1050 1 1 1
     1050 1 2 0
     1050 1 3 0
     1051 1 1 1
     1051 1 2 0
     1051 1 3 0
     1052 1 1 1
     1052 1 2 0
     1052 1 3 0
     1053 1 1 1
     1053 1 2 0
     1053 1 3 0
     1054 1 1 1
     1054 1 2 0
     1054 1 3 0
     1055 1 1 1
     1055 1 2 0
     1055 1 3 0
     1056 1 1 1
     1056 1 2 0
     1056 1 3 0
     1057 1 1 1
     1057 1 2 0
     1057 1 3 0
     1058 1 1 1
     1058 1 2 0
     1058 1 3 0
     1059 1 1 1
     1059 1 2 0
     1059 1 3 0
     1060 1 1 1
     1060 1 2 0
     1060 1 3 0
     1061 1 1 1
     1061 1 2 0
     1061 1 3 0
     1062 1 1 1
     1062 1 2 0
     1062 1 3 0
     1063 1 1 1
     1063 1 2 0
     1063 1 3 0
     1064 1 1 1
     1064 1 2 0
     1064 1 3 0
     1065 1 1 1
     1065 1 2 0
     1065 1 3 0
     1066 1 1 1
     1066 1 2 0
     1066 1 3 0
     1067 1 1 1
     1067 1 2 0
     1067 1 3 0
     1068 1 1 1
     1068 1 2 0
     1068 1 3 0
     1069 1 1 0
     1069 1 2 0
     1069 1 3 1
     1070 1 1 0
     1070 1 2 0
     1070 1 3 1
     1071 1 1 0
     1071 1 2 0
     1071 1 3 1
     1072 1 1 0
     1072 1 2 0
     1072 1 3 1
     1073 1 1 0
     1073 1 2 0
     1073 1 3 1
     1074 1 1 0
     1074 1 2 0
     1074 1 3 1
     1075 1 1 0
     1075 1 2 0
     1075 1 3 1
     1076 1 1 0
     1076 1 2 0
     1076 1 3 1
     1077 1 1 0
     1077 1 2 0
     1077 1 3 1
     1078 1 1 0
     1078 1 2 0
     1078 1 3 1
     1079 1 1 0
     1079 1 2 0
     1079 1 3 1
     1080 1 1 0
     1080 1 2 0
     1080 1 3 1
     1081 1 1 0
     1081 1 2 0
     1081 1 3 1
     1082 1 1 0
     1082 1 2 0
     1082 1 3 1
     1083 1 1 0
     1083 1 2 0
     1083 1 3 1
     1084 1 1 0
     1084 1 2 0
     1084 1 3 1
     1085 1 1 0
     1085 1 2 0
     1085 1 3 1
     1086 1 1 0
     1086 1 2 0
     1086 1 3 1
     1087 1 1 0
     1087 1 2 0
     1087 1 3 1
     1088 1 1 0
     1088 1 2 0
     1088 1 3 1
     1089 1 1 0
     1089 1 2 0
     1089 1 3 1
     1090 1 1 0
     1090 1 2 0
     1090 1 3 1
     1091 1 1 0
     1091 1 2 0
     1091 1 3 1
     1092 1 1 0
     1092 1 2 0
     1092 1 3 1
     1093 1 1 0
     1093 1 2 0
     1093 1 3 1
     1094 1 1 0
     1094 1 2 0
     1094 1 3 1
     1095 1 1 0
     1095 1 2 0
     1095 1 3 1
     1096 1 1 0
     1096 1 2 0
     1096 1 3 1
     1097 1 1 0
     1097 1 2 0
     1097 1 3 1
     1098 1 1 0
     1098 1 2 0
     1098 1 3 1
     1099 1 1 0
     1099 1 2 0
     1099 1 3 1
     1100 1 1 0
     1100 1 2 0
     1100 1 3 1
     1101 1 1 0
     1101 1 2 0
     1101 1 3 1
     1102 1 1 0
     1102 1 2 0
     1102 1 3 1
     1103 1 1 0
     1103 1 2 0
     1103 1 3 1
     1104 1 1 0
     1104 1 2 0
     1104 1 3 1
     1105 1 1 0
     1105 1 2 0
     1105 1 3 1
     1106 1 1 0
     1106 1 2 0
     1106 1 3 1
     1107 1 1 0
     1107 1 2 0
     1107 1 3 1
     1108 1 1 0
     1108 1 2 0
     1108 1 3 1
     1109 1 1 0
     1109 1 2 0
     1109 1 3 1
     1110 1 1 0
     1110 1 2 0
     1110 1 3 1
     1111 1 1 0
     1111 1 2 0
     1111 1 3 1
     1112 1 1 0
     1112 1 2 0
     1112 1 3 1
     1113 1 1 0
     1113 1 2 0
     1113 1 3 1
     1114 1 1 0
     1114 1 2 0
     1114 1 3 1
     1115 1 1 0
     1115 1 2 0
     1115 1 3 1
     1116 1 1 0
     1116 1 2 0
     1116 1 3 1
     1117 1 1 0
     1117 1 2 0
     1117 1 3 1
     1118 1 1 0
     1118 1 2 0
     1118 1 3 1
     1119 1 1 0
     1119 1 2 0
     1119 1 3 1
     1120 1 1 0
     1120 1 2 0
     1120 1 3 0
     1121 1 1 0
     1121 1 2 0
     1121 1 3 0
     1122 1 1 0
     1122 1 2 0
     1122 1 3 0
     1123 1 1 0
     1123 1 2 0
     1123 1 3 0
     1124 1 1 0
     1124 1 2 0
     1124 1 3 0
     1125 1 1 0
     1125 1 2 0
     1125 1 3 0
     1126 1 1 0
     1126 1 2 0
     1126 1 3 0
     1127 1 1 0
     1127 1 2 0
     1127 1 3 0
     1128 1 1 0
     1128 1 2 0
     1128 1 3 0
     1129 1 1 0
     1129 1 2 0
     1129 1 3 0
     1130 1 1 0
     1130 1 2 0
     1130 1 3 0
     1131 1 1 0
     1131 1 2 0
     1131 1 3 0
     1132 1 1 0
     1132 1 2 0
     1132 1 3 0
     1133 1 1 0
     1133 1 2 0
     1133 1 3 0
     1134 1 1 0
     1134 1 2 0
     1134 1 3 0
     1135 1 1 0
     1135 1 2 0
     1135 1 3 0
     1136 1 1 0
     1136 1 2 0
     1136 1 3 0
     1137 1 1 0
     1137 1 2 0
     1137 1 3 0
     1138 1 1 0
     1138 1 2 0
     1138 1 3 0
     1139 1 1 0
     1139 1 2 0
     1139 1 3 0
     1140 1 1 0
     1140 1 2 0
     1140 1 3 0
     1141 1 1 0
     1141 1 2 0
     1141 1 3 0
     1142 1 1 0
     1142 1 2 0
     1142 1 3 0
     1143 1 1 0
     1143 1 2 0
     1143 1 3 0
     1144 1 1 0
     1144 1 2 0
     1144 1 3 0
     1145 1 1 0
     1145 1 2 0
     1145 1 3 0
     1146 1 1 0
     1146 1 2 0
     1146 1 3 0
     1147 1 1 0
     1147 1 2 0
     1147 1 3 0
     1148 1 1 0
     1148 1 2 0
     1148 1 3 0
     1149 1 1 0
     1149 1 2 0
     1149 1 3 0
     1150 1 1 0
     1150 1 2 0
     1150 1 3 0
     1151 1 1 0
     1151 1 2 0
     1151 1 3 0
     1152 1 1 0
     1152 1 2 0
     1152 1 3 0
     1153 1 1 0
     1153 1 2 0
     1153 1 3 0
     1154 1 1 0
     1154 1 2 0
     1154 1 3 0
     1155 1 1 0
     1155 1 2 0
     1155 1 3 0
     1156 1 1 0
     1156 1 2 0
     1156 1 3 0
     1157 1 1 0
     1157 1 2 0
     1157 1 3 0
     1158 1 1 0
     1158 1 2 0
     1158 1 3 0
     1159 1 1 0
     1159 1 2 0
     1159 1 3 0
     1160 1 1 0
     1160 1 2 0
     1160 1 3 0
     1161 1 1 0
     1161 1 2 0
     1161 1 3 0
     1162 1 1 0
     1162 1 2 0
     1162 1 3 0
     1163 1 1 0
     1163 1 2 0
     1163 1 3 0
     1164 1 1 0
     1164 1 2 0
     1164 1 3 0
     1165 1 1 0
     1165 1 2 0
     1165 1 3 0
     1166 1 1 0
     1166 1 2 0
     1166 1 3 0
     1167 1 1 0
     1167 1 2 0
     1167 1 3 0
     1168 1 1 0
     1168 1 2 0
     1168 1 3 0
     1169 1 1 0
     1169 1 2 0
     1169 1 3 0
     1170 1 1 0
     1170 1 2 0
     1170 1 3 0
     1171 1 1 0
     1171 1 2 0
     1171 1 3 0
     1172 1 1 0
     1172 1 2 0
     1172 1 3 0
     1173 1 1 0
     1173 1 2 0
     1173 1 3 0
     1174 1 1 0
     1174 1 2 0
     1174 1 3 0
     1175 1 1 0
     1175 1 2 0
     1175 1 3 0
     1176 1 1 0
     1176 1 2 0
     1176 1 3 0
     1177 1 1 0
     1177 1 2 0
     1177 1 3 0
     1178 1 1 0
     1178 1 2 0
     1178 1 3 0
     1179 1 1 0
     1179 1 2 0
     1179 1 3 0
     1180 1 1 0
     1180 1 2 0
     1180 1 3 0
     1181 1 1 0
     1181 1 2 0
     1181 1 3 0
     1182 1 1 0
     1182 1 2 0
     1182 1 3 0
     1183 1 1 0
     1183 1 2 0
     1183 1 3 0
     1184 1 1 0
     1184 1 2 0
     1184 1 3 0
     1185 1 1 0
     1185 1 2 0
     1185 1 3 0
     1186 1 1 0
     1186 1 2 0
     1186 1 3 0
     1187 1 1 0
     1187 1 2 0
     1187 1 3 0
     1188 1 1 0
     1188 1 2 0
     1188 1 3 0
     1189 1 1 0
     1189 1 2 0
     1189 1 3 0
     1190 1 1 0
     1190 1 2 0
     1190 1 3 0
     1191 1 1 0
     1191 1 2 0
     1191 1 3 0
     1192 1 1 0
     1192 1 2 0
     1192 1 3 0
     1193 1 1 0
     1193 1 2 0
     1193 1 3 0
     1194 1 1 0
     1194 1 2 0
     1194 1 3 0
     1195 1 1 0
     1195 1 2 0
     1195 1 3 0
     1196 1 1 0
     1196 1 2 0
     1196 1 3 0
     1197 1 1 0
     1197 1 2 0
     1197 1 3 0
     1198 1 1 0
     1198 1 2 0
     1198 1 3 0
     1199 1 1 0
     1199 1 2 0
     1199 1 3 0
     1200 1 1 0
     1200 1 2 0
     1200 1 3 0
     1201 1 1 0
     1201 1 2 0
     1201 1 3 0
     1202 1 1 0
     1202 1 2 0
     1202 1 3 0
     1203 1 1 0
     1203 1 2 0
     1203 1 3 0
     1204 1 1 0
     1204 1 2 0
     1204 1 3 0
     1205 1 1 0
     1205 1 2 0
     1205 1 3 0
     1206 1 1 0
     1206 1 2 0
     1206 1 3 0
     1207 1 1 0
     1207 1 2 0
     1207 1 3 0
     1208 1 1 0
     1208 1 2 0
     1208 1 3 0
     1209 1 1 0
     1209 1 2 0
     1209 1 3 0
     1210 1 1 0
     1210 1 2 0
     1210 1 3 0
     1211 1 1 0
     1211 1 2 0
     1211 1 3 0
     1212 1 1 0
     1212 1 2 0
     1212 1 3 0
     1213 1 1 0
     1213 1 2 0
     1213 1 3 0
     1214 1 1 0
     1214 1 2 0
     1214 1 3 0
     1215 1 1 0
     1215 1 2 0
     1215 1 3 0
     1216 1 1 0
     1216 1 2 0
     1216 1 3 0
     1217 1 1 0
     1217 1 2 0
     1217 1 3 0
     1218 1 1 0
     1218 1 2 0
     1218 1 3 0
     1219 1 1 0
     1219 1 2 0
     1219 1 3 0
     1220 1 1 0
     1220 1 2 0
     1220 1 3 0
     1221 1 1 0
     1221 1 2 0
     1221 1 3 0
     1222 1 1 0
     1222 1 2 0
     1222 1 3 0
     1223 1 1 0
     1223 1 2 0
     1223 1 3 0
     1224 1 1 0
     1224 1 2 0
     1224 1 3 0
     1225 1 1 0
     1225 1 2 0
     1225 1 3 0
     1226 1 1 0
     1226 1 2 0
     1226 1 3 0
     1227 1 1 0
     1227 1 2 0
     1227 1 3 0
     1228 1 1 0
     1228 1 2 0
     1228 1 3 0
     1229 1 1 0
     1229 1 2 0
     1229 1 3 0
     1230 1 1 0
     1230 1 2 0
     1230 1 3 0
     1231 1 1 0
     1231 1 2 0
     1231 1 3 0
     1232 1 1 0
     1232 1 2 0
     1232 1 3 0
     1233 1 1 0
     1233 1 2 0
     1233 1 3 0
     1234 1 1 0
     1234 1 2 0
     1234 1 3 0
     1235 1 1 0
     1235 1 2 0
     1235 1 3 0
     1236 1 1 0
     1236 1 2 0
     1236 1 3 0
     1237 1 1 0
     1237 1 2 0
     1237 1 3 0
     1238 1 1 0
     1238 1 2 0
     1238 1 3 0
     1239 1 1 0
     1239 1 2 0
     1239 1 3 0
     1240 1 1 0
     1240 1 2 0
     1240 1 3 0
     1241 1 1 0
     1241 1 2 0
     1241 1 3 0
     1242 1 1 0
     1242 1 2 0
     1242 1 3 0
     1243 1 1 0
     1243 1 2 0
     1243 1 3 0
     1244 1 1 0
     1244 1 2 0
     1244 1 3 0
     1245 1 1 0
     1245 1 2 0
     1245 1 3 0
     1246 1 1 0
     1246 1 2 0
     1246 1 3 0
     1247 1 1 0
     1247 1 2 0
     1247 1 3 0
     1248 1 1 0
     1248 1 2 0
     1248 1 3 0
     1249 1 1 0
     1249 1 2 0
     1249 1 3 0
     1250 1 1 0
     1250 1 2 0
     1250 1 3 0
     1251 1 1 0
     1251 1 2 0
     1251 1 3 0
     1252 1 1 0
     1252 1 2 0
     1252 1 3 0
     1253 1 1 0
     1253 1 2 0
     1253 1 3 0
     1254 1 1 0
     1254 1 2 0
     1254 1 3 0
     1255 1 1 0
     1255 1 2 0
     1255 1 3 0
     1256 1 1 0
     1256 1 2 0
     1256 1 3 0
     1257 1 1 0
     1257 1 2 0
     1257 1 3 0
     1258 1 1 0
     1258 1 2 0
     1258 1 3 0
     1259 1 1 0
     1259 1 2 0
     1259 1 3 0
     1260 1 1 0
     1260 1 2 0
     1260 1 3 0
     1261 1 1 0
     1261 1 2 0
     1261 1 3 0
     1262 1 1 0
     1262 1 2 0
     1262 1 3 0
     1263 1 1 0
     1263 1 2 0
     1263 1 3 0
     1264 1 1 0
     1264 1 2 0
     1264 1 3 0
     1265 1 1 0
     1265 1 2 0
     1265 1 3 0
     1266 1 1 0
     1266 1 2 0
     1266 1 3 0
     1267 1 1 0
     1267 1 2 0
     1267 1 3 0
     1268 1 1 0
     1268 1 2 0
     1268 1 3 0
     1269 1 1 0
     1269 1 2 0
     1269 1 3 0
     1270 1 1 0
     1270 1 2 0
     1270 1 3 0
     1271 1 1 0
     1271 1 2 0
     1271 1 3 0
     1272 1 1 0
     1272 1 2 0
     1272 1 3 0
     1273 1 1 0
     1273 1 2 0
     1273 1 3 0
     1274 1 1 0
     1274 1 2 0
     1274 1 3 0
     1275 1 1 0
     1275 1 2 0
     1275 1 3 0
     1276 1 1 0
     1276 1 2 0
     1276 1 3 0
     1277 1 1 0
     1277 1 2 0
     1277 1 3 0
     1278 1 1 0
     1278 1 2 0
     1278 1 3 0
     1279 1 1 0
     1279 1 2 0
     1279 1 3 0
     1280 1 1 0
     1280 1 2 0
     1280 1 3 0
     1281 1 1 0
     1281 1 2 0
     1281 1 3 0
     1282 1 1 0
     1282 1 2 0
     1282 1 3 0
     1283 1 1 0
     1283 1 2 0
     1283 1 3 0
     1284 1 1 0
     1284 1 2 0
     1284 1 3 0
     1285 1 1 0
     1285 1 2 0
     1285 1 3 0
     1286 1 1 0
     1286 1 2 0
     1286 1 3 0
     1287 1 1 0
     1287 1 2 0
     1287 1 3 0
     1288 1 1 0
     1288 1 2 0
     1288 1 3 0
     1289 1 1 0
     1289 1 2 0
     1289 1 3 0
     1290 1 1 0
     1290 1 2 0
     1290 1 3 0
     1291 1 1 0
     1291 1 2 0
     1291 1 3 0
     1292 1 1 0
     1292 1 2 0
     1292 1 3 0
     1293 1 1 0
     1293 1 2 0
     1293 1 3 0
     1294 1 1 0
     1294 1 2 0
     1294 1 3 0
     1295 1 1 0
     1295 1 2 0
     1295 1 3 0
     1296 1 1 0
     1296 1 2 0
     1296 1 3 0
     1297 1 1 0
     1297 1 2 0
     1297 1 3 0
     1298 1 1 0
     1298 1 2 0
     1298 1 3 0
     1299 1 1 0
     1299 1 2 0
     1299 1 3 0
     1300 1 1 0
     1300 1 2 0
     1300 1 3 0
     1301 1 1 0
     1301 1 2 0
     1301 1 3 0
     1302 1 1 0
     1302 1 2 0
     1302 1 3 0
     1303 1 1 0
     1303 1 2 0
     1303 1 3 0
     1304 1 1 0
     1304 1 2 0
     1304 1 3 0
     1305 1 1 0
     1305 1 2 0
     1305 1 3 0
     1306 1 1 0
     1306 1 2 0
     1306 1 3 0
     1307 1 1 0
     1307 1 2 0
     1307 1 3 0
     1308 1 1 0
     1308 1 2 0
     1308 1 3 0
     1309 1 1 0
     1309 1 2 0
     1309 1 3 0
     1310 1 1 0
     1310 1 2 0
     1310 1 3 0
     1311 1 1 0
     1311 1 2 0
     1311 1 3 0
     1312 1 1 0
     1312 1 2 0
     1312 1 3 0
     1313 1 1 0
     1313 1 2 0
     1313 1 3 0
     1314 1 1 0
     1314 1 2 0
     1314 1 3 0
     1315 1 1 0
     1315 1 2 0
     1315 1 3 0
     1316 1 1 0
     1316 1 2 0
     1316 1 3 0
     1317 1 1 0
     1317 1 2 0
     1317 1 3 0
     1318 1 1 0
     1318 1 2 0
     1318 1 3 0
     1319 1 1 0
     1319 1 2 0
     1319 1 3 0
     1320 1 1 0
     1320 1 2 0
     1320 1 3 0
     1321 1 1 0
     1321 1 2 0
     1321 1 3 0
     1322 1 1 0
     1322 1 2 0
     1322 1 3 0
     1323 1 1 0
     1323 1 2 0
     1323 1 3 0
     1324 1 1 0
     1324 1 2 0
     1324 1 3 0
     1325 1 1 0
     1325 1 2 0
     1325 1 3 0
     1326 1 1 0
     1326 1 2 0
     1326 1 3 0
     1327 1 1 0
     1327 1 2 0
     1327 1 3 0
     1328 1 1 0
     1328 1 2 0
     1328 1 3 0
     1329 1 1 0
     1329 1 2 0
     1329 1 3 0
     1330 1 1 0
     1330 1 2 0
     1330 1 3 0
     1331 1 1 0
     1331 1 2 0
     1331 1 3 0
     1332 1 1 0
     1332 1 2 0
     1332 1 3 0
     1333 1 1 0
     1333 1 2 0
     1333 1 3 0
     1334 1 1 0
     1334 1 2 0
     1334 1 3 0
     1335 1 1 0
     1335 1 2 0
     1335 1 3 0
     1336 1 1 0
     1336 1 2 0
     1336 1 3 0
     1337 1 1 0
     1337 1 2 0
     1337 1 3 0
     1338 1 1 0
     1338 1 2 0
     1338 1 3 0
     1339 1 1 0
     1339 1 2 0
     1339 1 3 0
     1340 1 1 0
     1340 1 2 0
     1340 1 3 0
     1341 1 1 0
     1341 1 2 0
     1341 1 3 0
     1342 1 1 0
     1342 1 2 0
     1342 1 3 0
     1343 1 1 0
     1343 1 2 0
     1343 1 3 0
     1344 1 1 0
     1344 1 2 0
     1344 1 3 0
     1345 1 1 0
     1345 1 2 0
     1345 1 3 0
     1346 1 1 0
     1346 1 2 0
     1346 1 3 0
     1347 1 1 0
     1347 1 2 0
     1347 1 3 0
     1348 1 1 0
     1348 1 2 0
     1348 1 3 0
     1349 1 1 0
     1349 1 2 0
     1349 1 3 0
     1350 1 1 0
     1350 1 2 0
     1350 1 3 0
     1351 1 1 0
     1351 1 2 0
     1351 1 3 0
     1352 1 1 0
     1352 1 2 0
     1352 1 3 0
     1353 1 1 0
     1353 1 2 0
     1353 1 3 0
     1354 1 1 0
     1354 1 2 0
     1354 1 3 0
     1355 1 1 0
     1355 1 2 0
     1355 1 3 0
     1356 1 1 0
     1356 1 2 0
     1356 1 3 0
     1357 1 1 0
     1357 1 2 0
     1357 1 3 0
     1358 1 1 0
     1358 1 2 0
     1358 1 3 0
     1359 1 1 0
     1359 1 2 0
     1359 1 3 0
     1360 1 1 0
     1360 1 2 0
     1360 1 3 0
     1361 1 1 0
     1361 1 2 0
     1361 1 3 0
     1362 1 1 0
     1362 1 2 0
     1362 1 3 0
     1363 1 1 0
     1363 1 2 0
     1363 1 3 0
     1364 1 1 0
     1364 1 2 0
     1364 1 3 0
     1365 1 1 0
     1365 1 2 0
     1365 1 3 0
     1366 1 1 0
     1366 1 2 0
     1366 1 3 0
     1367 1 1 0
     1367 1 2 0
     1367 1 3 0
     1368 1 1 0
     1368 1 2 0
     1368 1 3 0
     1369 1 1 0
     1369 1 2 0
     1369 1 3 0
     1370 1 1 0
     1370 1 2 0
     1370 1 3 0
     1371 1 1 0
     1371 1 2 0
     1371 1 3 0
     1372 1 1 0
     1372 1 2 0
     1372 1 3 0
     1373 1 1 0
     1373 1 2 0
     1373 1 3 0
     1374 1 1 0
     1374 1 2 0
     1374 1 3 0
     1375 1 1 0
     1375 1 2 0
     1375 1 3 0
     1376 1 1 0
     1376 1 2 0
     1376 1 3 0
     1377 1 1 0
     1377 1 2 0
     1377 1 3 0
     1378 1 1 0
     1378 1 2 0
     1378 1 3 0
     1379 1 1 0
     1379 1 2 0
     1379 1 3 0
     1380 1 1 0
     1380 1 2 0
     1380 1 3 0
     1381 1 1 0
     1381 1 2 0
     1381 1 3 0
     1382 1 1 0
     1382 1 2 0
     1382 1 3 0
     1383 1 1 0
     1383 1 2 0
     1383 1 3 0
     1384 1 1 0
     1384 1 2 0
     1384 1 3 0
     1385 1 1 0
     1385 1 2 0
     1385 1 3 0
     1386 1 1 0
     1386 1 2 0
     1386 1 3 0
     1387 1 1 0
     1387 1 2 0
     1387 1 3 0
     1388 1 1 0
     1388 1 2 0
     1388 1 3 0
     1389 1 1 0
     1389 1 2 0
     1389 1 3 0
     1390 1 1 0
     1390 1 2 0
     1390 1 3 0
     1391 1 1 0
     1391 1 2 0
     1391 1 3 0
     1392 1 1 0
     1392 1 2 0
     1392 1 3 0
     1393 1 1 0
     1393 1 2 0
     1393 1 3 0
     1394 1 1 0
     1394 1 2 0
     1394 1 3 0
     1395 1 1 0
     1395 1 2 0
     1395 1 3 0
     1396 1 1 0
     1396 1 2 0
     1396 1 3 0
     1397 1 1 0
     1397 1 2 0
     1397 1 3 0
     1398 1 1 0
     1398 1 2 0
     1398 1 3 0
     1399 1 1 0
     1399 1 2 0
     1399 1 3 0
     1400 1 1 0
     1400 1 2 0
     1400 1 3 0
     1401 1 1 0
     1401 1 2 0
     1401 1 3 0
     1402 1 1 0
     1402 1 2 0
     1402 1 3 0
     1403 1 1 0
     1403 1 2 0
     1403 1 3 0
     1404 1 1 0
     1404 1 2 0
     1404 1 3 0
     1405 1 1 0
     1405 1 2 0
     1405 1 3 0
     1406 1 1 0
     1406 1 2 0
     1406 1 3 0
     1407 1 1 0
     1407 1 2 0
     1407 1 3 0
     1408 1 1 0
     1408 1 2 0
     1408 1 3 0
     1409 1 1 0
     1409 1 2 0
     1409 1 3 0
     1410 1 1 0
     1410 1 2 0
     1410 1 3 0
     1411 1 1 0
     1411 1 2 0
     1411 1 3 0
     1412 1 1 0
     1412 1 2 0
     1412 1 3 0
     1413 1 1 0
     1413 1 2 0
     1413 1 3 0
     1414 1 1 0
     1414 1 2 0
     1414 1 3 0
     1415 1 1 0
     1415 1 2 0
     1415 1 3 0
     1416 1 1 0
     1416 1 2 0
     1416 1 3 0
     1417 1 1 0
     1417 1 2 0
     1417 1 3 0
     1418 1 1 0
     1418 1 2 0
     1418 1 3 0
     1419 1 1 0
     1419 1 2 0
     1419 1 3 0
     1420 1 1 0
     1420 1 2 0
     1420 1 3 0
     1421 1 1 0
     1421 1 2 0
     1421 1 3 0
     1422 1 1 0
     1422 1 2 0
     1422 1 3 0
     1423 1 1 0
     1423 1 2 0
     1423 1 3 0
     1424 1 1 0
     1424 1 2 0
     1424 1 3 0
     1425 1 1 0
     1425 1 2 0
     1425 1 3 0
     1426 1 1 0
     1426 1 2 0
     1426 1 3 0
     1427 1 1 0
     1427 1 2 0
     1427 1 3 0
     1428 1 1 0
     1428 1 2 0
     1428 1 3 0
     1429 1 1 0
     1429 1 2 0
     1429 1 3 0
     1430 1 1 0
     1430 1 2 0
     1430 1 3 0
     1431 1 1 0
     1431 1 2 0
     1431 1 3 0
     1432 1 1 0
     1432 1 2 0
     1432 1 3 0
     1433 1 1 0
     1433 1 2 0
     1433 1 3 0
     1434 1 1 0
     1434 1 2 0
     1434 1 3 0
     1435 1 1 0
     1435 1 2 0
     1435 1 3 0
     1436 1 1 0
     1436 1 2 0
     1436 1 3 0
     1437 1 1 0
     1437 1 2 0
     1437 1 3 0
     1438 1 1 0
     1438 1 2 0
     1438 1 3 0
     1439 1 1 0
     1439 1 2 0
     1439 1 3 0
     1440 1 1 0
     1440 1 2 0
     1440 1 3 0
     1441 1 1 0
     1441 1 2 0
     1441 1 3 0
     1442 1 1 0
     1442 1 2 0
     1442 1 3 0
     1443 1 1 0
     1443 1 2 0
     1443 1 3 0
     1444 1 1 0
     1444 1 2 0
     1444 1 3 0
     1445 1 1 0
     1445 1 2 0
     1445 1 3 0
     1446 1 1 0
     1446 1 2 0
     1446 1 3 0
     1447 1 1 0
     1447 1 2 0
     1447 1 3 0
     1448 1 1 0
     1448 1 2 0
     1448 1 3 0
     1449 1 1 0
     1449 1 2 0
     1449 1 3 0
     1450 1 1 0
     1450 1 2 0
     1450 1 3 0
     1451 1 1 0
     1451 1 2 0
     1451 1 3 0
     1452 1 1 0
     1452 1 2 0
     1452 1 3 0
     1453 1 1 0
     1453 1 2 0
     1453 1 3 0
     1454 1 1 0
     1454 1 2 0
     1454 1 3 0
     1455 1 1 0
     1455 1 2 0
     1455 1 3 0
     1456 1 1 0
     1456 1 2 0
     1456 1 3 0
     1457 1 1 0
     1457 1 2 0
     1457 1 3 0
     1458 1 1 0
     1458 1 2 0
     1458 1 3 0
     1459 1 1 0
     1459 1 2 0
     1459 1 3 0
     1460 1 1 0
     1460 1 2 0
     1460 1 3 0
     1461 1 1 0
     1461 1 2 0
     1461 1 3 0
     1462 1 1 0
     1462 1 2 0
     1462 1 3 0
     1463 1 1 0
     1463 1 2 0
     1463 1 3 0
     1464 1 1 0
     1464 1 2 0
     1464 1 3 0
     1465 1 1 0
     1465 1 2 0
     1465 1 3 0
     1466 1 1 0
     1466 1 2 0
     1466 1 3 0
     1467 1 1 0
     1467 1 2 0
     1467 1 3 0
     1468 1 1 0
     1468 1 2 0
     1468 1 3 0
     1469 1 1 0
     1469 1 2 0
     1469 1 3 0
     1470 1 1 0
     1470 1 2 0
     1470 1 3 0
     1471 1 1 0
     1471 1 2 0
     1471 1 3 0
     1472 1 1 0
     1472 1 2 0
     1472 1 3 0
     1473 1 1 0
     1473 1 2 0
     1473 1 3 0
     1474 1 1 0
     1474 1 2 0
     1474 1 3 0
     1475 1 1 0
     1475 1 2 0
     1475 1 3 0
     1476 1 1 0
     1476 1 2 0
     1476 1 3 0
     1477 1 1 0
     1477 1 2 0
     1477 1 3 0
     1478 1 1 0
     1478 1 2 0
     1478 1 3 0
     1479 1 1 0
     1479 1 2 0
     1479 1 3 0
     1480 1 1 0
     1480 1 2 0
     1480 1 3 0
     1481 1 1 0
     1481 1 2 0
     1481 1 3 0
 